0000000000001111111001110001100000001100000011100000001100000001100000001110000000111111000000000000
0000110000001111111001100001100000001100000011000000001100000001100000001100001000111111000000000000
0000000000001111111000000011000000011100000011100000001100000001110000001100000000111111100001111110
0000000000001111111001000001100000011100000011100000011100000011100000011100000001111111100000000000
0000000000001111111001111111100000011100000011100000001100000001100000001100000000111111100011111100
0000000000001111111001111111100000011100000011100000011100000001100000001110001000111111000000000000
0000110000001111111000000011100000001100000011000000001100000001110000001100001000111110000000110000
0000000000001111111000100011100000001100000011000000011100000001100000001100000000111111100000000000
0000000000001111111001100001100010001110000001100000001100000011000000001100000000111111000000000000
0000000000001111111001100111100000011000000011000000011100000001100000001100000000111111100000000000
